‘ 11111111 GRAMMATICUS.

Ad 6555116111.

Arma? 469119·

6166141111 476, 7.

6116141616475, 16.

‘W 68816· .

6νέ66461 475, 56.

61696666666117164477, ιο.

666461466661141111459, 16. 463,

6635116674ἓ4476, 17.

611461116716161476, 16.

6116 6111611461, 14. mmm
6116 ἑκατόν 479, 5.

61161416169161465, 8. 466, 3..

6915166716461465, 17.

&wemmam 465, 1. .

674176461161463, 1.

619711 461455.

ponor 461, 51.

βουβάλων 465, 3.

βουμπάρδα 461, 1. 15. 465, 6.

46114611 474, 6.

γεννήματα 459, 8.

911ρεύ111463, 14.

6167161716 464, 5.

’ 6111116416 465, 51.

6661116161464, 17.

61645611 471, 5ο.

61457 468, 13.

ἕως 611 475, 3. 86116166 467, 8.

111161γέ1761 464, 7.

5146761161 464, ’15. 466, 11,
75, 1.

1164161 473, 11.

11616111461467, 16.

1166966166 466, 1.

:gzggwggfflf 464. 5. 6. 4711
5

11161. 471, 2. ιο. 471. 5.
uma 113· ²¹· x

1741646746 469, 5.
7616114464, 16. .
μανός ἰ. e. ἐμμανής 456, 55. 46ο,4.

· 9116746111 471, 4.

116465, 11.,19. 51. 469, 15.
μεγαλοῦπέροχος 466, 51.
μεσέα 465, 5ο.
1111111111. a
41114166667166161466, 17. 475, 6.
νά 461,17.463,53.464, 13. 4667.
{3⁶1⁷ 4636134115, 14. 419, ²4
1166414161 469, 56. ,
πανθαύμαστος 457, 4. 479, 8
1161164146 146615.
1111614114 6, 17. 19.
περιφρονηῐὴς 47651. 475, 18.
πλησιέσιερον 465, 4.
1146111114 466, 55. 469, 5ο.
πνευματικοί 475, 16.
512325243622’522'42730’8'5· 471, 'a
, .
πουντέλειον 463, 9.

11811ῗέ1611 41116 42³. 4· 116

6911416467, 11.

1166136465, 55. 466, 8.

om ὀξέα 478, 17.

66761111 46655. 464,17. 475, ²3·-

napum 464, 6. 6.

σιδηροδεσμουμένους 465, 11. 55.
65, 5.

6114411469,14.15.475 17.

611λᾶ661 468, 9

611λῶ661469, 17.

σολοικοβάρβαρος 456, 6.

66666 461, 11. 476, 14.

61111111616467, 11.

στέρνα 463, 15.

6116111116 476, 5.

 

